00000
00000
20820
00000
00000
00000
00000
00000
00000
00000
15555
00000
00000
00000
00000
00000
00000
00000
00000
00000
15555
00000
00000
00000
00000
00000
00000
00000
00000
00000
00000
00000
00000
00000
00000
00000
00000
15555
00000
00000
00000
00000
00000
00000
00000
15555
00000
00000
00000
00000
00000
00000
00000
00000
00000
00000
00000
00000
00000
00000
00000
00000
15555
00000
00000
00000
00000
00000
00000
00000
00000
00000
00000
15555
00000
00000
00000
00000
00000
00000
00000
00000
15555
00000
00000
00000
00000
00000
00000
00000
00000
00000
00000
00000
00000
00000
00000
15555
00000
00000
00000
00000
00000
00000
00000
00000
00000
00000
00000
15555
00000
00000
00000
00000
00000
00000
00000
00000
00000
00000
00000
00000
15555
00000
00000
00000
00000
00000
00000
00000
00000
15555
00000
00000
00000
00000
00000
00000
00000
00000
00000
00000
00000
00000
00000
00000
15555
00000
00000
00000
00000
15555
00000
00000
00000
00000
00000
00000
15555
00000
00000
00000
00000
00000
00000
00000
00000
00000
00000
00000
15555
00000
00000
00000
00000
00000
00000
00000
00000
00000
00000
00000
00000
00000
15555
00000
00000
00000
00000
00000
00000
00000
00000
00000
00000
00000
00000
00000
15555
00000
00000
00000
00000
00000
15555
00000
00000
00000
00000
00000
00000
00000
00000
00000
00000
00000
00000
00000
00000
15555
00000
00000
00000
00000
00000
00000
00000
15555
00000
00000
00000
00000
00000
00000
00000
00000
00000
00000
00000
00000
15555
00000
00000
00000
00000
00000
00000
00000
00000
15555
00000
00000
00000
00000
00000
00000
00000
00000
00000
00000
00000
00000
00000
15555
00000
00000
00000
00000
00000
00000
00000
00000
00000
00000
00000
00000
00000
00000
15555
00000
00000
00000
00000
00000
00000
00000
00000
00000
00000
00000
00000
15555
00000
00000
00000
00000
00000
00000
00000
00000
00000
00000
00000
00000
00000
00000
15555
00000
00000
00000
00000
00000
00000
00000
00000
15555
00000
00000
00000
00000
00000
00000
00000
00000
00000
00000
00000
00000
00000
00000
00000
00000
00000
00000
00000
00000
15555
00000
00000
00000
00000
00000
00000
00000
00000
00000
00000
00000
00000
00000
00000
00000
15555
00000
00000
00000
00000
00000
00000
00000
00000
00000
00000
00000
00000
00000
00000
00000
15555
00000
00000
00000
00000
00000
00000
00000
00000
00000
00000
00000
00000
00000
00000
00000
00000
00000
15555
00000
00000
00000
00000
00000
00000
00000
00000
00000
00000
00000
15555
00000
00000
00000
00000
00000
00000
00000
00000
00000
00000
00000
00000
00000
00000
00000
00000
00000
00000
00000
00000
00000
00000
00000
00000
00000
00000
21442
00000
00000
00000
00000
00000
00000
00000
00000
00000
00000
00000
00000
00000
00000
00000
00000
00000
00000
00000
00000
00000
00000
00000
00000
00000
00000
00000
00000
00000
00000
21442
21863
12084
22CA5
230C6
138E7
14508
14929
1514A
2596B
1658C
26DAD
175CE
279EF
18610
00000
28E31
19252
19E73
2A294
1AAB5
2B2D6
2BEF7
2C718
1CF39
2D75A
2DF7B
1E79C
2EFBD
1F3DE
1FBFF
00000
20001
10002
10003
00000
00000
00000
20004
10005
20006
20007
10008
10009
1000A
2000B
2000C
1000D
2000E
1000F
20010
20011
20012
20013
20014
00000
00000
00000
10015
10016
10017
20018
20019
1001A
1001B
1001C
2001D
1001E
1001F
20020
20021
10022
10023
10024
20025
10026
20027
10028
10029
2002A
1002B
1002C
2002D
2002E
1002F
10030
00000
00000
00000
10031
20032
10033
20034
20035
20036
20037
10038
20039
2003A
1003B
1003C
1003D
1003E
2003F
10040
20041
20042
10043
20044
20045
10046
20047
10048
10049
2004A
1004B
1004C
1004D
1004E
2004F
20050
10051
10052
10053
20054
20055
10056
10057
10058
10059
1005A
1005B
2005C
2005D
1005E
1005F
20060
20061
20062
20063
20064
20065
20066
10067
10068
10069
2006A
1006B
1006C
1006D
1006E
2006F
20070
20071
20072
10073
10074
20075
10076
20077
10078
10079
1007A
2007B
1007C
2007D
1007E
2007F
10080
10081
20082
10083
20084
20085
10086
20087
10088
20089
2008A
2008B
1008C
1008D
1008E
2008F
20090
10091
10092
20093
20094
10095
20096
20097
10098
10099
1009A
2009B
2009C
2009D
2009E
2009F
200A0
100A1
200A2
100A3
200A4
200A5
200A6
200A7
200A8
100A9
200AA
100AB
100AC
200AD
200AE
200AF
200B0
200B1
200B2
100B3
100B4
100B5
100B6
100B7
100B8
100B9
100BA
200BB
200BC
200BD
100BE
100BF
200C0
200C1
100C2
200C3
200C4
100C5
200C6
100C7
100C8
100C9
200CA
100CB
200CC
200CD
100CE
200CF
100D0
100D1
200D2
200D3
200D4
100D5
200D6
200D7
200D8
200D9
100DA
100DB
200DC
200DD
200DE
200DF
100E0
100E1
200E2
100E3
200E4
100E5
100E6
200E7
200E8
200E9
200EA
100EB
100EC
100ED
100EE
100EF
100F0
100F1
100F2
200F3
200F4
100F5
100F6
100F7
200F8
100F9
200FA
100FB
200FC
200FD
200FE
200FF
10100
20101
20102
20103
20104
10105
20106
20107
20108
10109
2010A
1010B
2010C
2010D
1010E
2010F
20110
10111
10112
20113
10114
10115
10116
10117
10118
20119
1011A
1011B
2011C
2011D
1011E
1011F
20120
20121
20122
20123
10124
10125
20126
20127
10128
20129
2012A
1012B
1012C
2012D
2012E
2012F
10130
20131
10132
10133
10134
10135
20136
20137
20138
20139
2013A
1013B
1013C
2013D
2013E
2013F
20140
10141
10142
10143
10144
20145
20146
20147
20148
10149
1014A
1014B
1014C
2014D
2014E
2014F
20150
10151
20152
10153
20154
20155
20156
20157
10158
20159
1015A
2015B
1015C
1015D
2015E
1015F
10160
20161
20162
10163
20164
10165
10166
10167
20168
20169
1016A
2016B
2016C
2016D
2016E
1016F
10170
10171
20172
10173
10174
20175
20176
20177
20178
20179
1017A
1017B
2017C
1017D
2017E
2017F
10180
20181
20182
10183
20184
10185
10186
10187
10188
20189
1018A
2018B
2018C
2018D
2018E
1018F
20190
10191
20192
20193
10194
20195
10196
20197
10198
20199
1019A
2019B
1019C
1019D
2019E
2019F
101A0
101A1
101A2
201A3
101A4
201A5
201A6
101A7
201A8
201A9
201AA
101AB
201AC
101AD
201AE
201AF
201B0
201B1
201B2
201B3
201B4
101B5
201B6
101B7
201B8
201B9
201BA
201BB
101BC
101BD
201BE
101BF
101C0
201C1
201C2
201C3
101C4
101C5
101C6
101C7
201C8
101C9
201CA
101CB
101CC
201CD
101CE
101CF
201D0
201D1
201D2
101D3
201D4
101D5
201D6
201D7
201D8
201D9
101DA
201DB
201DC
201DD
101DE
101DF
201E0
201E1
101E2
101E3
101E4
101E5
201E6
101E7
101E8
101E9
201EA
201EB
101EC
101ED
201EE
101EF
101F0
101F1
201F2
101F3
201F4
101F5
101F6
201F7
201F8
201F9
201FA
201FB
101FC
201FD
101FE
101FF
20200